   4.9858311e+02   1.9609974e+02   2.9808894e+02   1.9783887e+02
   5.9906898e+02   1.9144914e+02   4.2394873e+02   2.0135587e+02
   4.2165248e+02   2.5179939e+02   2.1762195e+02   2.5874624e+02
   4.1629848e+02   2.0403287e+02   6.5998853e+01   1.7856213e+02
   5.6016378e+02   2.1460427e+02   3.7689530e+02   2.2681694e+02
   5.4802962e+02   1.2109430e+02   3.6665624e+02   1.1031748e+02
   6.5928262e+02   2.3311849e+02   4.9895417e+02   2.5623488e+02
   6.7683960e+02   2.4387594e+02   5.1789859e+02   2.6993285e+02
   7.8613837e+02   2.5808157e+02   6.3244381e+02   2.9119288e+02
   5.0687762e+02   2.4866314e+02   3.2050194e+02   2.6885838e+02
   5.9566921e+02   2.3411549e+02   4.2167185e+02   2.4750049e+02
   5.2233409e+02   1.4128955e+02   3.2934389e+02   1.3264230e+02
   6.8232052e+02   2.6959187e+02   5.2827425e+02   3.0205788e+02
   4.3337581e+02   2.5684042e+02   2.3192442e+02   2.7340040e+02
   4.2192568e+02   2.1669407e+02   7.5494750e+01   1.9966412e+02
   5.4586132e+02   2.1425257e+02   3.5848968e+02   2.2669970e+02
   5.5312978e+02   1.8494425e+02   3.6986131e+02   1.9012292e+02
   6.4791099e+02   2.2221579e+02   4.8805148e+02   2.4498049e+02
   7.6245725e+02   2.6417770e+02   6.0887992e+02   2.9682008e+02
   3.8199707e+02   2.5918699e+02   1.3693259e+02   2.6995721e+02
