   4.9858311e+02   1.9609974e+02
   5.9906898e+02   1.9144914e+02
   4.2165248e+02   2.5179939e+02
   4.1629848e+02   2.0403287e+02
   5.6016378e+02   2.1460427e+02
   5.4802962e+02   1.2109430e+02
   6.5928262e+02   2.3311849e+02
   6.7683960e+02   2.4387594e+02
   7.8613837e+02   2.5808157e+02
   5.0687762e+02   2.4866314e+02
   5.9566921e+02   2.3411549e+02
   5.2233409e+02   1.4128955e+02
   6.8232052e+02   2.6959187e+02
   4.3337581e+02   2.5684042e+02
   4.2192568e+02   2.1669407e+02
   5.4586132e+02   2.1425257e+02
   5.5312978e+02   1.8494425e+02
   6.4791099e+02   2.2221579e+02
   7.6245725e+02   2.6417770e+02
   3.8199707e+02   2.5918699e+02
