   2.9808894e+02   1.9783887e+02
   4.2394873e+02   2.0135587e+02
   2.1762195e+02   2.5874624e+02
   6.5998853e+01   1.7856213e+02
   3.7689530e+02   2.2681694e+02
   3.6665624e+02   1.1031748e+02
   4.9895417e+02   2.5623488e+02
   5.1789859e+02   2.6993285e+02
   6.3244381e+02   2.9119288e+02
   3.2050194e+02   2.6885838e+02
   4.2167185e+02   2.4750049e+02
   3.2934389e+02   1.3264230e+02
   5.2827425e+02   3.0205788e+02
   2.3192442e+02   2.7340040e+02
   7.5494750e+01   1.9966412e+02
   3.5848968e+02   2.2669970e+02
   3.6986131e+02   1.9012292e+02
   4.8805148e+02   2.4498049e+02
   6.0887992e+02   2.9682008e+02
   1.3693259e+02   2.6995721e+02
