   4.5944344e+02   1.4213547e+02   4.1109077e+02   1.4011345e+02
   4.2478873e+02   1.5609695e+02   3.7606499e+02   1.5483643e+02
   3.4294399e+02   2.4144901e+02   2.9264676e+02   2.4865937e+02
   3.7131445e+02   2.3558734e+02   3.2242402e+02   2.4103921e+02
   4.0571740e+02   2.0174358e+02   3.5566432e+02   2.0495833e+02
   4.8312664e+02   1.7198362e+02   4.3672820e+02   1.6925716e+02
   4.9230092e+02   2.5043724e+02   4.4818905e+02   2.5261625e+02
   4.4327390e+02   2.7273300e+02   3.9586877e+02   2.7723732e+02
   4.3770480e+02   3.7142164e+02   3.9132572e+02   3.8376122e+02
   4.1532188e+02   3.8994761e+02   3.6853301e+02   4.0227751e+02
   5.7515131e+02   3.3429535e+02   5.3887470e+02   3.3677661e+02
   3.7550787e+02   2.7748147e+02   3.2610977e+02   2.8570820e+02
   2.7315491e+02   4.1661974e+02   1.8204770e+02   4.3586640e+02
   3.3872359e+02   4.1109802e+02   2.5985913e+02   4.3057050e+02
   5.3901348e+02   2.7333236e+02   4.9803458e+02   2.7368757e+02
   2.1772950e+02   1.1325527e+02   1.5422364e+02   1.1070519e+02
   1.1458600e+02   2.5268507e+02   5.1929822e+01   2.6234765e+02
   4.9610081e+02   3.0772005e+02   4.5235999e+02   3.1365053e+02
   4.6342938e+02   3.1426575e+02   4.1792038e+02   3.2087058e+02
   3.8860999e+02   3.2534585e+02   3.3992497e+02   3.3484175e+02
   5.0373169e+02   4.0455232e+02   4.6212044e+02   4.1560234e+02
   7.3971849e+02   4.3097062e+02   7.7189194e+02   4.4870397e+02
   7.2846409e+02   4.4339735e+02   7.5571374e+02   4.6535110e+02
   6.9905687e+02   3.7129369e+02   6.8370795e+02   3.7543662e+02
   4.1643508e+02   2.1410253e+02   3.6690039e+02   2.1485434e+02
   4.6802188e+02   1.9481609e+02   4.2073398e+02   1.9386855e+02
   4.2892095e+02   4.0636027e+02   3.8283547e+02   4.1892464e+02
   4.4931954e+02   3.8678231e+02   4.0370299e+02   3.9840881e+02
   6.9505261e+02   4.2592959e+02   7.1280636e+02   4.4272507e+02
