   4.5944344e+02   1.4213547e+02
   4.2478873e+02   1.5609695e+02
   3.4294399e+02   2.4144901e+02
   3.7131445e+02   2.3558734e+02
   4.0571740e+02   2.0174358e+02
   4.8312664e+02   1.7198362e+02
   4.9230092e+02   2.5043724e+02
   4.4327390e+02   2.7273300e+02
   4.3770480e+02   3.7142164e+02
   4.1532188e+02   3.8994761e+02
   5.7515131e+02   3.3429535e+02
   3.7550787e+02   2.7748147e+02
   2.7315491e+02   4.1661974e+02
   3.3872359e+02   4.1109802e+02
   5.3901348e+02   2.7333236e+02
   2.1772950e+02   1.1325527e+02
   1.1458600e+02   2.5268507e+02
   4.9610081e+02   3.0772005e+02
   4.6342938e+02   3.1426575e+02
   3.8860999e+02   3.2534585e+02
   5.0373169e+02   4.0455232e+02
   7.3971849e+02   4.3097062e+02
   7.2846409e+02   4.4339735e+02
   6.9905687e+02   3.7129369e+02
   4.1643508e+02   2.1410253e+02
   4.6802188e+02   1.9481609e+02
   4.2892095e+02   4.0636027e+02
   4.4931954e+02   3.8678231e+02
   6.9505261e+02   4.2592959e+02
