   4.1109077e+02   1.4011345e+02
   3.7606499e+02   1.5483643e+02
   2.9264676e+02   2.4865937e+02
   3.2242402e+02   2.4103921e+02
   3.5566432e+02   2.0495833e+02
   4.3672820e+02   1.6925716e+02
   4.4818905e+02   2.5261625e+02
   3.9586877e+02   2.7723732e+02
   3.9132572e+02   3.8376122e+02
   3.6853301e+02   4.0227751e+02
   5.3887470e+02   3.3677661e+02
   3.2610977e+02   2.8570820e+02
   1.8204770e+02   4.3586640e+02
   2.5985913e+02   4.3057050e+02
   4.9803458e+02   2.7368757e+02
   1.5422364e+02   1.1070519e+02
   5.1929822e+01   2.6234765e+02
   4.5235999e+02   3.1365053e+02
   4.1792038e+02   3.2087058e+02
   3.3992497e+02   3.3484175e+02
   4.6212044e+02   4.1560234e+02
   7.7189194e+02   4.4870397e+02
   7.5571374e+02   4.6535110e+02
   6.8370795e+02   3.7543662e+02
   3.6690039e+02   2.1485434e+02
   4.2073398e+02   1.9386855e+02
   3.8283547e+02   4.1892464e+02
   4.0370299e+02   3.9840881e+02
   7.1280636e+02   4.4272507e+02
