   4.0979152e+02   1.8333574e+02   6.1369513e+02   2.6623725e+02
   3.9724755e+02   1.8239787e+02   5.9587567e+02   2.6635448e+02
   2.1133977e+02   2.1080914e+02   3.2783922e+02   2.9864413e+02
   3.5676784e+02   2.3018479e+02   4.9256340e+02   3.3098426e+02
   3.9306485e+02   2.3255747e+02   5.8477516e+02   3.3896581e+02
   4.4746525e+02   2.2395967e+02   6.6650267e+02   3.3199959e+02
   2.7317531e+02   2.4380322e+02   4.1082725e+02   3.4886285e+02
   5.0921260e+02   2.3475585e+02   7.6403834e+02   3.4943934e+02
   1.6926927e+02   2.2090192e+02   1.9723201e+02   3.1097402e+02
   4.0404708e+02   2.0209307e+02   6.0806793e+02   2.9484217e+02
   1.8729015e+02   1.8942438e+02   3.0204790e+02   2.7203217e+02
   2.5977433e+02   2.0723798e+02   3.9548284e+02   2.9653393e+02
   2.9371571e+02   2.1896600e+02   4.4344265e+02   3.1586116e+02
   3.8410375e+02   2.1896249e+02   5.7305183e+02   3.1880168e+02
   4.7267040e+02   2.2231840e+02   7.0636199e+02   3.2707579e+02
   2.8009208e+02   2.6209161e+02   4.1035832e+02   3.7535758e+02
   4.9362058e+02   2.1892936e+02   7.3859872e+02   3.2505481e+02
