   6.1369513e+02   2.6623725e+02
   5.9587567e+02   2.6635448e+02
   3.2783922e+02   2.9864413e+02
   4.9256340e+02   3.3098426e+02
   5.8477516e+02   3.3896581e+02
   6.6650267e+02   3.3199959e+02
   4.1082725e+02   3.4886285e+02
   7.6403834e+02   3.4943934e+02
   1.9723201e+02   3.1097402e+02
   6.0806793e+02   2.9484217e+02
   3.0204790e+02   2.7203217e+02
   3.9548284e+02   2.9653393e+02
   4.4344265e+02   3.1586116e+02
   5.7305183e+02   3.1880168e+02
   7.0636199e+02   3.2707579e+02
   4.1035832e+02   3.7535758e+02
   7.3859872e+02   3.2505481e+02
