   9.8383733e+01   1.0726499e+02   6.1898999e+02   3.0349171e+02
   1.1630680e+01   1.0062431e+02   4.7884711e+02   2.9561668e+02
   2.6755783e+01   5.0050018e+01   4.8281367e+02   2.0376734e+02
   8.3838980e+01   1.6483457e+02   6.0893698e+02   4.2277572e+02
   6.2571212e+01   1.1884401e+02   5.7140953e+02   3.2789768e+02
   5.3597499e+01   1.7950729e+02   5.4906535e+02   4.4162537e+02
   4.0602953e+01   1.3824186e+02   5.2678895e+02   3.4912762e+02
   3.8355162e+01   2.3326232e+02   5.3048232e+02   5.1580707e+02
   5.3829057e+01   1.7157503e+02   5.4989567e+02   4.3069917e+02
   9.6258992e+01   1.5097868e+02   5.9730080e+02   3.3642666e+02
   1.1113509e+02   1.2724028e+02   6.3813982e+02   3.1652501e+02
   1.2852834e+02   1.2735461e+02   6.6068942e+02   3.0222151e+02
   1.5949649e+02   5.4756800e+01   7.6622704e+02   1.9094914e+02
   1.5760621e+02   1.0253203e+02   7.5996423e+02   2.9037023e+02
   7.6353499e+01   1.2821014e+02   5.9237803e+02   3.4438988e+02
   1.6044308e+02   7.7354850e+01   7.6786831e+02   2.3631843e+02
   1.6292534e+02   1.9366634e+02   6.7836364e+02   3.6360749e+02
   3.2784123e+01   1.5536866e+02   4.9816259e+02   3.7977704e+02
   1.6943986e+01   1.5584632e+02   4.6815848e+02   3.7375837e+02
   1.5952557e+02   1.6822672e+02   7.0016903e+02   3.4965673e+02
   1.6890423e+02   1.9472144e+02   6.9102483e+02   3.6536599e+02
