   9.8383733e+01   1.0726499e+02
   1.1630680e+01   1.0062431e+02
   2.6755783e+01   5.0050018e+01
   8.3838980e+01   1.6483457e+02
   6.2571212e+01   1.1884401e+02
   5.3597499e+01   1.7950729e+02
   4.0602953e+01   1.3824186e+02
   3.8355162e+01   2.3326232e+02
   5.3829057e+01   1.7157503e+02
   9.6258992e+01   1.5097868e+02
   1.1113509e+02   1.2724028e+02
   1.2852834e+02   1.2735461e+02
   1.5949649e+02   5.4756800e+01
   1.5760621e+02   1.0253203e+02
   7.6353499e+01   1.2821014e+02
   1.6044308e+02   7.7354850e+01
   1.6292534e+02   1.9366634e+02
   3.2784123e+01   1.5536866e+02
   1.6943986e+01   1.5584632e+02
   1.5952557e+02   1.6822672e+02
   1.6890423e+02   1.9472144e+02
