   3.9258623e+02   2.5458394e+02   2.4993200e+02   3.2510101e+02
   6.3814951e+02   2.2153176e+02   4.7266279e+02   3.1994274e+02
   5.0145584e+02   2.2899492e+02   3.5754109e+02   3.1677641e+02
   2.7552966e+02   2.1377396e+02   9.3433517e+01   2.8987950e+02
   2.4470492e+02   3.0680809e+01   7.0668819e+01   1.6792818e+02
   7.4582638e+02   2.4985483e+02   5.1909029e+02   3.3987344e+02
   5.1152822e+02   6.7318804e+01   3.2931484e+02   2.2566055e+02
   6.6988307e+02   2.5818912e+02   4.6247214e+02   3.4055747e+02
   6.4183319e+02   3.1790374e+02   4.3360163e+02   3.7124562e+02
   5.1473122e+02   2.2152311e+02   3.7943363e+02   3.1162886e+02
   7.4779030e+02   5.9014607e+01   5.8222508e+02   2.4569880e+02
   3.5540080e+02   2.8952153e+02   1.7878557e+02   3.4325384e+02
   6.0268384e+02   2.6250738e+02   4.0862887e+02   3.3975621e+02
   4.5779353e+02   1.7950103e+02   3.2826943e+02   2.8215385e+02
   5.5873762e+02   2.6433470e+02   3.7246949e+02   3.4080162e+02
   4.9641481e+02   2.1844392e+02   3.5355516e+02   3.1056304e+02
   3.1807093e+02   1.1950234e+02   1.4103341e+02   2.3473623e+02
   3.7309203e+02   1.5365182e+01   2.0003341e+02   1.8237515e+02
   4.0799472e+02   9.5148300e+01   2.3224326e+02   2.3052872e+02
   4.5588335e+02   3.4382767e+01   2.8142263e+02   2.0278077e+02
