   3.9258623e+02   2.5458394e+02
   6.3814951e+02   2.2153176e+02
   5.0145584e+02   2.2899492e+02
   2.7552966e+02   2.1377396e+02
   2.4470492e+02   3.0680809e+01
   7.4582638e+02   2.4985483e+02
   5.1152822e+02   6.7318804e+01
   6.6988307e+02   2.5818912e+02
   6.4183319e+02   3.1790374e+02
   5.1473122e+02   2.2152311e+02
   7.4779030e+02   5.9014607e+01
   3.5540080e+02   2.8952153e+02
   6.0268384e+02   2.6250738e+02
   4.5779353e+02   1.7950103e+02
   5.5873762e+02   2.6433470e+02
   4.9641481e+02   2.1844392e+02
   3.1807093e+02   1.1950234e+02
   3.7309203e+02   1.5365182e+01
   4.0799472e+02   9.5148300e+01
   4.5588335e+02   3.4382767e+01
