   2.4993200e+02   3.2510101e+02
   4.7266279e+02   3.1994274e+02
   3.5754109e+02   3.1677641e+02
   9.3433517e+01   2.8987950e+02
   7.0668819e+01   1.6792818e+02
   5.1909029e+02   3.3987344e+02
   3.2931484e+02   2.2566055e+02
   4.6247214e+02   3.4055747e+02
   4.3360163e+02   3.7124562e+02
   3.7943363e+02   3.1162886e+02
   5.8222508e+02   2.4569880e+02
   1.7878557e+02   3.4325384e+02
   4.0862887e+02   3.3975621e+02
   3.2826943e+02   2.8215385e+02
   3.7246949e+02   3.4080162e+02
   3.5355516e+02   3.1056304e+02
   1.4103341e+02   2.3473623e+02
   2.0003341e+02   1.8237515e+02
   2.3224326e+02   2.3052872e+02
   2.8142263e+02   2.0278077e+02
