   5.7289483e+02   1.9398251e+02   6.3674271e+02   3.3785776e+02
   4.6875433e+02   1.8920499e+02   5.3771205e+02   3.3639183e+02
   4.1213618e+02   1.8563854e+02   4.5083596e+02   3.3424290e+02
   5.8698219e+02   9.8771099e+01   5.5530466e+02   2.6523468e+02
   6.6420435e+02   9.1886493e+01   5.7983200e+02   2.6474949e+02
   4.1211682e+02   1.3932828e+02   2.6970673e+02   2.7475202e+02
   3.6703595e+02   2.3200794e+02   3.6548390e+02   3.9471037e+02
   5.4372761e+02   2.6193355e+02   6.1169041e+02   3.9716259e+02
   5.6268482e+02   1.2819008e+02   5.1244672e+02   2.8809828e+02
   4.3023091e+02   2.2613452e+02   4.7754786e+02   3.7638014e+02
   6.8619168e+02   2.3739918e+02   7.0117878e+02   3.6225850e+02
   5.7324653e+02   2.9293466e+02   6.3640069e+02   4.1625329e+02
   3.2879646e+02   2.0689857e+02   2.8307236e+02   3.7598106e+02
   5.6787317e+02   1.0451553e+02   5.2658250e+02   2.6711042e+02
   5.3455451e+01   2.1866295e+02   3.5306565e+01   3.6635463e+02
