   1.7687204e+02   3.9792253e+02   4.7082338e+02   1.9597994e+02
   1.7660174e+02   4.2228393e+02   4.7070615e+02   2.6117064e+02
   1.7589834e+02   4.5967764e+02   4.6824425e+02   3.5099883e+02
   3.1124240e+02   4.9435856e+02   7.1643316e+02   2.9569843e+02
   3.3105783e+02   4.8423766e+02   8.0928141e+02   2.9806540e+02
   3.1119685e+02   5.2963237e+02   7.1896578e+02   4.0429865e+02
   3.3149092e+02   5.1615725e+02   8.0473352e+02   3.9492189e+02
   2.0319056e+02   3.9871704e+02   5.4845931e+02   2.0756183e+02
   2.0194655e+02   4.4167597e+02   5.4459061e+02   3.2450601e+02
   3.0069141e+02   4.5956041e+02   7.9680626e+02   3.4685105e+02
   8.5903427e+01   3.9667852e+02   2.4173778e+02   1.9574737e+02
   6.0838633e+01   3.9602067e+02   1.8381745e+02   1.9844374e+02
   1.6531821e+02   3.7226186e+02   4.4255546e+02   1.2978826e+02
   1.1938289e+02   4.5859341e+02   3.2488367e+02   3.5182136e+02
   1.5790338e+02   4.2152827e+02   4.2043209e+02   2.5764413e+02
   3.8548921e+02   4.8542941e+02   9.7310749e+02   2.9574495e+02
   1.8422190e+02   4.1806353e+02   4.8934624e+02   2.4745434e+02
   1.9231100e+02   4.4349944e+02   5.1619266e+02   3.2497304e+02
   3.2003490e+02   4.5053344e+02   8.5014741e+02   3.1754273e+02
   3.2003490e+02   4.5932594e+02   8.5038188e+02   3.4556149e+02
   4.3284115e+02   7.4906975e+02   2.9835815e+02   3.2874091e+02
   4.3214713e+02   7.1906038e+02   6.2253400e+02   5.0334936e+02
   4.4433939e+02   7.2902521e+02   6.7435111e+02   5.5141501e+02
