   1.7687204e+02   3.9792253e+02
   1.7660174e+02   4.2228393e+02
   1.7589834e+02   4.5967764e+02
   3.1124240e+02   4.9435856e+02
   3.3105783e+02   4.8423766e+02
   3.1119685e+02   5.2963237e+02
   3.3149092e+02   5.1615725e+02
   2.0319056e+02   3.9871704e+02
   2.0194655e+02   4.4167597e+02
   3.0069141e+02   4.5956041e+02
   8.5903427e+01   3.9667852e+02
   6.0838633e+01   3.9602067e+02
   1.6531821e+02   3.7226186e+02
   1.1938289e+02   4.5859341e+02
   1.5790338e+02   4.2152827e+02
   3.8548921e+02   4.8542941e+02
   1.8422190e+02   4.1806353e+02
   1.9231100e+02   4.4349944e+02
   3.2003490e+02   4.5053344e+02
   3.2003490e+02   4.5932594e+02
   4.3284115e+02   7.4906975e+02
   4.3214713e+02   7.1906038e+02
   4.4433939e+02   7.2902521e+02
