   4.7082338e+02   1.9597994e+02
   4.7070615e+02   2.6117064e+02
   4.6824425e+02   3.5099883e+02
   7.1643316e+02   2.9569843e+02
   8.0928141e+02   2.9806540e+02
   7.1896578e+02   4.0429865e+02
   8.0473352e+02   3.9492189e+02
   5.4845931e+02   2.0756183e+02
   5.4459061e+02   3.2450601e+02
   7.9680626e+02   3.4685105e+02
   2.4173778e+02   1.9574737e+02
   1.8381745e+02   1.9844374e+02
   4.4255546e+02   1.2978826e+02
   3.2488367e+02   3.5182136e+02
   4.2043209e+02   2.5764413e+02
   9.7310749e+02   2.9574495e+02
   4.8934624e+02   2.4745434e+02
   5.1619266e+02   3.2497304e+02
   8.5014741e+02   3.1754273e+02
   8.5038188e+02   3.4556149e+02
   2.9835815e+02   3.2874091e+02
   6.2253400e+02   5.0334936e+02
   6.7435111e+02   5.5141501e+02
