   5.9391020e+02   2.4185896e+02
   6.9167654e+02   2.2348325e+02
   4.0176969e+02   4.1629915e+02
   3.9921286e+02   5.3317832e+02
   3.6717117e+02   5.2529948e+02
   2.4410856e+02   4.3622500e+02
   2.7657076e+02   4.3786627e+02
   5.8657482e+02   3.9925761e+02
   5.4663009e+02   3.9862494e+02
   6.7623356e+02   3.5141554e+02
   3.7218609e+02   2.7150757e+02
   4.8514624e+02   3.5502747e+02
   6.8532744e+02   2.7964128e+02
   3.7937813e+02   4.2884311e+02
   4.2570759e+02   5.2766835e+02
   3.9897840e+02   5.1301419e+02
   3.2154338e+02   3.1854162e+02
   8.2314947e+02   3.3668464e+02
   8.2748710e+02   2.9870106e+02
