   4.9820375e+02   1.1947554e+02
   6.3422704e+02   1.0346489e+02
   4.9032681e+02   3.4271987e+02
   4.8927171e+02   5.2468720e+02
   4.2023843e+02   5.1299188e+02
   1.1767038e+02   3.7818554e+02
   1.6722254e+02   3.7337897e+02
   5.1902096e+02   3.0797992e+02
   4.6768229e+02   3.0687830e+02
   6.2630549e+02   2.5115929e+02
   2.3018390e+02   1.4361608e+02
   3.7591335e+02   2.5287318e+02
   6.2513316e+02   1.6958775e+02
   4.5328109e+02   3.6276677e+02
   5.1307007e+02   5.1003304e+02
   4.8669258e+02   4.9514441e+02
   1.6496073e+02   2.0482649e+02
   8.4773564e+02   2.3668347e+02
   8.5617644e+02   1.9248652e+02
