   5.7824883e+02   3.3212978e+02   2.6452568e+02   2.5308230e+02
   5.1512372e+02   3.2829013e+02   1.7388355e+02   2.5475652e+02
   5.4373072e+02   2.6075857e+02   2.1587556e+02   1.6784166e+02
   4.6562776e+02   1.5222129e+02   1.2561518e+02   5.7715454e+01
   5.9453561e+02   1.9047912e+02   3.0270031e+02   7.9520846e+01
   6.2557546e+02   2.9410435e+02   3.3697330e+02   2.0129109e+02
   4.5816356e+02   2.8188200e+02   9.7798780e+01   2.0463661e+02
   4.1465722e+02   3.7339901e+02   6.3231256e+01   3.1863443e+02
   5.0107406e+02   4.4524883e+02   4.4597852e+01   4.0153041e+02
   5.3715597e+02   3.4257322e+02   2.0752488e+02   2.7020419e+02
   5.0838229e+02   3.9839114e+02   1.6423163e+02   3.3987701e+02
   5.2217812e+02   3.9805880e+02   1.8523973e+02   3.4016863e+02
   5.7293356e+02   3.9899667e+02   2.5833359e+02   3.3896918e+02
   6.0582009e+02   3.0911125e+02   3.0827619e+02   2.2162875e+02
   4.7978497e+02   2.9898941e+02   1.2901786e+02   2.2162583e+02
   6.3430986e+02   3.7214817e+02   3.5818875e+02   3.0035273e+02
   5.0142576e+02   4.8549201e+02   4.4333347e+01   4.5266954e+02
   3.6562050e+02   3.2214454e+02   2.3742885e+00   2.6476014e+02
   4.0793515e+02   2.9865708e+02   8.0632251e+01   2.3427450e+02
   5.5455595e+02   2.8842770e+02   2.3339671e+02   2.0126105e+02
   5.0732719e+02   2.0148279e+02   2.0815945e+02   1.1167694e+02
   4.9882726e+02   2.9189628e+02   1.5041062e+02   2.1253296e+02
   6.4003492e+02   4.0736000e+02   3.6922327e+02   3.4718427e+02
   4.0926448e+02   3.8793593e+02   5.7737727e+01   3.3320487e+02
   4.1946378e+02   3.8793593e+02   6.7937024e+01   3.3332210e+02
