   5.7824883e+02   3.3212978e+02
   5.1512372e+02   3.2829013e+02
   5.4373072e+02   2.6075857e+02
   4.6562776e+02   1.5222129e+02
   5.9453561e+02   1.9047912e+02
   6.2557546e+02   2.9410435e+02
   4.5816356e+02   2.8188200e+02
   4.1465722e+02   3.7339901e+02
   5.0107406e+02   4.4524883e+02
   5.3715597e+02   3.4257322e+02
   5.0838229e+02   3.9839114e+02
   5.2217812e+02   3.9805880e+02
   5.7293356e+02   3.9899667e+02
   6.0582009e+02   3.0911125e+02
   4.7978497e+02   2.9898941e+02
   6.3430986e+02   3.7214817e+02
   5.0142576e+02   4.8549201e+02
   3.6562050e+02   3.2214454e+02
   4.0793515e+02   2.9865708e+02
   5.5455595e+02   2.8842770e+02
   5.0732719e+02   2.0148279e+02
   4.9882726e+02   2.9189628e+02
   6.4003492e+02   4.0736000e+02
   4.0926448e+02   3.8793593e+02
   4.1946378e+02   3.8793593e+02
