   1.6682885e+02   3.5787718e+01   2.8821126e+02   3.6395210e+01
   1.6284437e+02   2.1670134e+02   2.6075723e+02   3.2986159e+02
   1.4701788e+02   2.1740474e+02   2.3191784e+02   3.2974436e+02
   1.6155335e+02   1.0051338e+02   4.4408485e+02   1.4400326e+02
   1.9298413e+02   4.9305922e+01   4.6863709e+02   3.9853074e+01
   1.9404069e+02   1.1240778e+02   4.4987873e+02   1.6537084e+02
   1.7673319e+02   1.1428351e+02   4.3070953e+02   1.7062698e+02
   1.7402664e+02   2.2919791e+02   4.2317651e+02   3.9307385e+02
   1.9043930e+02   2.3892828e+02   4.4076151e+02   4.0503165e+02
   4.2186993e+01   9.5922369e+01   1.0250025e+02   1.3621641e+02
   9.3435873e+00   7.1902016e+01   3.4599100e+00   9.6637903e+01
   6.0773874e+01   1.9639456e+01   8.1015435e+01   6.9084453e+00
   4.3483834e+01   1.4194828e+02   1.5563044e+02   2.2323982e+02
   1.1446215e+02   5.6719265e+01   1.9668457e+02   6.6467105e+01
   1.2647524e+02   7.1907836e+01   2.1937077e+02   9.0961253e+01
   1.4801041e+02   5.9544504e+01   2.5641960e+02   6.9457072e+01
   1.3294635e+02   3.5758618e+01   2.2423647e+02   2.2511193e+01
   1.2140801e+02   9.8164352e+01   3.5169775e+02   1.4109180e+02
   1.3330158e+02   2.0990181e+02   2.2828361e+02   3.2376546e+02
   1.4502491e+02   2.0884671e+02   2.5442663e+02   3.2329653e+02
   1.6905773e+02   2.4894050e+02   2.6697060e+02   3.8167871e+02
   2.7884531e+01   9.5687902e+01   7.6005525e+01   1.3516131e+02
