   1.6682885e+02   3.5787718e+01
   1.6284437e+02   2.1670134e+02
   1.4701788e+02   2.1740474e+02
   1.6155335e+02   1.0051338e+02
   1.9298413e+02   4.9305922e+01
   1.9404069e+02   1.1240778e+02
   1.7673319e+02   1.1428351e+02
   1.7402664e+02   2.2919791e+02
   1.9043930e+02   2.3892828e+02
   4.2186993e+01   9.5922369e+01
   9.3435873e+00   7.1902016e+01
   6.0773874e+01   1.9639456e+01
   4.3483834e+01   1.4194828e+02
   1.1446215e+02   5.6719265e+01
   1.2647524e+02   7.1907836e+01
   1.4801041e+02   5.9544504e+01
   1.3294635e+02   3.5758618e+01
   1.2140801e+02   9.8164352e+01
   1.3330158e+02   2.0990181e+02
   1.4502491e+02   2.0884671e+02
   1.6905773e+02   2.4894050e+02
   2.7884531e+01   9.5687902e+01
