   2.8821126e+02   3.6395210e+01
   2.6075723e+02   3.2986159e+02
   2.3191784e+02   3.2974436e+02
   4.4408485e+02   1.4400326e+02
   4.6863709e+02   3.9853074e+01
   4.4987873e+02   1.6537084e+02
   4.3070953e+02   1.7062698e+02
   4.2317651e+02   3.9307385e+02
   4.4076151e+02   4.0503165e+02
   1.0250025e+02   1.3621641e+02
   3.4599100e+00   9.6637903e+01
   8.1015435e+01   6.9084453e+00
   1.5563044e+02   2.2323982e+02
   1.9668457e+02   6.6467105e+01
   2.1937077e+02   9.0961253e+01
   2.5641960e+02   6.9457072e+01
   2.2423647e+02   2.2511193e+01
   3.5169775e+02   1.4109180e+02
   2.2828361e+02   3.2376546e+02
   2.5442663e+02   3.2329653e+02
   2.6697060e+02   3.8167871e+02
   7.6005525e+01   1.3516131e+02
