   1.9584940e+02   6.2226658e+00
   3.8640190e+02   2.0387314e+02
   3.6764458e+02   1.9941828e+02
   2.5985286e+01   2.0096652e+02
   1.7514164e+02   1.9762001e+02
   2.1038252e+02   1.9993079e+02
   1.9479430e+02   1.5655620e+02
   1.9212698e+02   2.5669037e+02
   2.8222267e+02   2.6679284e+02
   3.1750989e+02   2.4932508e+02
   2.4881118e+02   2.7581980e+02
   2.7681541e+02   3.3848186e+02
   2.4137776e+02   2.0459107e+02
   3.6629484e+02   2.7087179e+02
   1.3279480e+01   2.7189300e+02
   1.9036848e+02   3.0956673e+02
   1.9468191e+02   9.6479155e+01
   1.9526808e+02   5.4599552e+01
   1.8600180e+02   1.0091365e+01
   3.1552405e+02   2.7600039e+02
   2.1954858e+02   3.1031716e+02
   2.1905029e+02   2.6805875e+02
   3.8254569e+02   2.4862932e+02
   2.2441323e+02   9.8585092e+01
   2.3660549e+02   1.0432952e+02
