   4.7975593e+02   3.6360574e+02   5.9102830e+02   2.3422304e+02
   4.5757739e+02   3.6981911e+02   5.5838592e+02   2.4082683e+02
   2.7260851e+02   3.6095779e+02   2.7410350e+02   2.1782871e+02
   2.5307793e+02   3.8722981e+02   2.4633650e+02   2.5715338e+02
   1.5707598e+02   3.6386926e+02   9.2388101e+01   2.1687147e+02
   3.3913235e+02   3.8760952e+02   3.7326868e+02   2.6045425e+02
   5.0198391e+02   3.6954695e+02   6.2496128e+02   2.4582152e+02
   5.4698420e+02   3.5872068e+02   6.8360040e+02   2.2818500e+02
   4.3282630e+02   3.7960100e+02   5.0884811e+02   2.5512376e+02
   4.3443195e+02   3.6356701e+02   5.0687762e+02   2.2863457e+02
   5.6014442e+02   4.3467367e+02   7.3344806e+02   3.5355546e+02
   2.5749510e+02   4.0676039e+02   2.6316207e+02   2.9015715e+02
   4.0856005e+02   4.3267102e+02   4.9398092e+02   3.3934983e+02
   5.8324145e+02   3.7537853e+02   7.4705785e+02   2.5714370e+02
   2.3316660e+02   3.6607733e+02   2.1436847e+02   2.2411089e+02
   3.9210762e+02   3.6745508e+02   4.4434836e+02   2.3362719e+02
   4.9305274e+02   3.9860247e+02   6.0861433e+02   2.8610240e+02
   5.2564567e+02   4.6059398e+02   6.8244744e+02   3.8597305e+02
   4.9445954e+02   4.6094568e+02   6.3697717e+02   3.8609029e+02
   5.8265321e+02   4.1193041e+02   7.6779742e+02   3.1650974e+02
