   4.7975593e+02   3.6360574e+02
   4.5757739e+02   3.6981911e+02
   2.7260851e+02   3.6095779e+02
   2.5307793e+02   3.8722981e+02
   1.5707598e+02   3.6386926e+02
   3.3913235e+02   3.8760952e+02
   5.0198391e+02   3.6954695e+02
   5.4698420e+02   3.5872068e+02
   4.3282630e+02   3.7960100e+02
   4.3443195e+02   3.6356701e+02
   5.6014442e+02   4.3467367e+02
   2.5749510e+02   4.0676039e+02
   4.0856005e+02   4.3267102e+02
   5.8324145e+02   3.7537853e+02
   2.3316660e+02   3.6607733e+02
   3.9210762e+02   3.6745508e+02
   4.9305274e+02   3.9860247e+02
   5.2564567e+02   4.6059398e+02
   4.9445954e+02   4.6094568e+02
   5.8265321e+02   4.1193041e+02
