   5.9102830e+02   2.3422304e+02
   5.5838592e+02   2.4082683e+02
   2.7410350e+02   2.1782871e+02
   2.4633650e+02   2.5715338e+02
   9.2388101e+01   2.1687147e+02
   3.7326868e+02   2.6045425e+02
   6.2496128e+02   2.4582152e+02
   6.8360040e+02   2.2818500e+02
   5.0884811e+02   2.5512376e+02
   5.0687762e+02   2.2863457e+02
   7.3344806e+02   3.5355546e+02
   2.6316207e+02   2.9015715e+02
   4.9398092e+02   3.3934983e+02
   7.4705785e+02   2.5714370e+02
   2.1436847e+02   2.2411089e+02
   4.4434836e+02   2.3362719e+02
   6.0861433e+02   2.8610240e+02
   6.8244744e+02   3.8597305e+02
   6.3697717e+02   3.8609029e+02
   7.6779742e+02   3.1650974e+02
