   9.8970873e+01   4.9344919e+01   3.6329520e+02   1.3678321e+02
   1.2613037e+02   5.9105365e+01   3.9655280e+02   1.5329478e+02
   1.5999062e+02   7.3857449e+01   4.4141753e+02   1.7688979e+02
   1.8978545e+02   1.0281519e+02   4.7967742e+02   2.2066934e+02
   1.4135139e+02   8.7315138e+01   4.1654263e+02   1.9304966e+02
   8.0605850e+01   1.3884183e+02   3.2865017e+02   2.4803622e+02
   7.9874349e+01   1.2424973e+01   3.3958296e+02   9.1557102e+01
   1.8681488e+02   4.8071818e+01   4.8022486e+02   1.5005098e+02
   1.9959047e+02   1.5385648e+02   4.8419142e+02   2.8150892e+02
   4.0921698e+01   7.2539781e+01   2.8137196e+02   1.6148174e+02
   9.0050260e+00   5.2107303e+00   2.4726468e+02   7.4713204e+01
   5.6546544e+00   1.2979642e+02   2.3296119e+02   2.2945319e+02
   4.7505208e+01   1.8676723e+02   2.8261311e+02   3.0141056e+02
   2.3784455e+02   8.4304829e+01   5.4349625e+02   2.0201852e+02
   1.9663153e+02   6.2980873e+01   4.9093286e+02   1.6702179e+02
   2.4353475e+02   1.7712401e+02   5.3698929e+02   3.1327153e+02
   2.6396058e+02   1.9311627e+02   5.6298810e+02   3.3451219e+02
   1.2910094e+02   1.6137786e+02   3.8933275e+02   2.7816725e+02
   1.5468021e+02   1.8581290e+02   4.2048015e+02   3.1311556e+02
   1.5182687e+02   2.1058799e+02   4.1328915e+02   3.4024694e+02
   1.0561541e+02   2.1487623e+02   3.5338847e+02   3.4048141e+02
   1.0662778e+02   7.8960141e+01   3.6830188e+02   1.7765885e+02
   2.0174040e+02   1.1140330e+02   4.9129424e+02   2.2888639e+02
