   9.8970873e+01   4.9344919e+01
   1.2613037e+02   5.9105365e+01
   1.5999062e+02   7.3857449e+01
   1.8978545e+02   1.0281519e+02
   1.4135139e+02   8.7315138e+01
   8.0605850e+01   1.3884183e+02
   7.9874349e+01   1.2424973e+01
   1.8681488e+02   4.8071818e+01
   1.9959047e+02   1.5385648e+02
   4.0921698e+01   7.2539781e+01
   9.0050260e+00   5.2107303e+00
   5.6546544e+00   1.2979642e+02
   4.7505208e+01   1.8676723e+02
   2.3784455e+02   8.4304829e+01
   1.9663153e+02   6.2980873e+01
   2.4353475e+02   1.7712401e+02
   2.6396058e+02   1.9311627e+02
   1.2910094e+02   1.6137786e+02
   1.5468021e+02   1.8581290e+02
   1.5182687e+02   2.1058799e+02
   1.0561541e+02   2.1487623e+02
   1.0662778e+02   7.8960141e+01
   2.0174040e+02   1.1140330e+02
