   3.6329520e+02   1.3678321e+02
   3.9655280e+02   1.5329478e+02
   4.4141753e+02   1.7688979e+02
   4.7967742e+02   2.2066934e+02
   4.1654263e+02   1.9304966e+02
   3.2865017e+02   2.4803622e+02
   3.3958296e+02   9.1557102e+01
   4.8022486e+02   1.5005098e+02
   4.8419142e+02   2.8150892e+02
   2.8137196e+02   1.6148174e+02
   2.4726468e+02   7.4713204e+01
   2.3296119e+02   2.2945319e+02
   2.8261311e+02   3.0141056e+02
   5.4349625e+02   2.0201852e+02
   4.9093286e+02   1.6702179e+02
   5.3698929e+02   3.1327153e+02
   5.6298810e+02   3.3451219e+02
   3.8933275e+02   2.7816725e+02
   4.2048015e+02   3.1311556e+02
   4.1328915e+02   3.4024694e+02
   3.5338847e+02   3.4048141e+02
   3.6830188e+02   1.7765885e+02
   4.9129424e+02   2.2888639e+02
