   4.9072744e+02   3.9173425e+01   4.6223768e+02   1.8654059e+01
   4.1990366e+02   1.6159368e+02   3.8488757e+02   1.6136639e+02
   4.9488974e+02   1.3026023e+02   4.3164740e+02   1.5586611e+02
   5.9406668e+02   1.3900535e+02   5.6245035e+02   1.4479673e+02
   4.4734801e+02   2.1749770e+02   3.9735407e+02   2.3884238e+02
   5.6047675e+02   2.2110289e+02   5.0638932e+02   2.5043983e+02
   1.6530271e+02   1.2183880e+02   1.7400806e+02   9.5970097e+00
   1.5704693e+02   2.4282320e+02   1.6598674e+02   1.7699923e+02
   1.2832477e+02   2.4669190e+02   1.3081675e+02   1.8063346e+02
   1.8563456e+02   2.4810839e+02   1.9854094e+02   1.8343737e+02
   3.9455983e+02   3.0119985e+02   3.1654506e+02   3.4652132e+02
   4.0440847e+02   2.9589426e+02   3.4259229e+02   3.3084007e+02
   4.4862789e+02   4.0794854e+02   3.3119057e+02   4.7301569e+02
   4.8804076e+02   4.0701067e+02   3.6154639e+02   4.7500866e+02
   8.3086902e+01   2.6565568e+02   6.5412687e+01   2.3148677e+02
   1.5541534e+02   3.2503901e+02   1.6657291e+02   2.8269281e+02
   4.9816259e+02   2.7449763e+02   4.2283450e+02   3.1757231e+02
   4.5224276e+02   2.9842498e+02   3.9467707e+02   3.3117241e+02
   6.6057219e+02   1.8208046e+02   5.8638738e+02   2.2518418e+02
   6.0130609e+02   3.0100411e+02   5.5724263e+02   2.7515980e+02
   4.1039601e+02   3.5026665e+02   3.2400822e+02   4.0195849e+02
   5.7095028e+02   2.9343236e+02   5.0698517e+02   3.3280399e+02
   1.2180605e+02   2.8191342e+02   1.2487348e+02   2.2973899e+02
   4.9396156e+02   3.3424234e+02   4.1410010e+02   3.8360889e+02
