   4.6223768e+02   1.8654059e+01
   3.8488757e+02   1.6136639e+02
   4.3164740e+02   1.5586611e+02
   5.6245035e+02   1.4479673e+02
   3.9735407e+02   2.3884238e+02
   5.0638932e+02   2.5043983e+02
   1.7400806e+02   9.5970097e+00
   1.6598674e+02   1.7699923e+02
   1.3081675e+02   1.8063346e+02
   1.9854094e+02   1.8343737e+02
   3.1654506e+02   3.4652132e+02
   3.4259229e+02   3.3084007e+02
   3.3119057e+02   4.7301569e+02
   3.6154639e+02   4.7500866e+02
   6.5412687e+01   2.3148677e+02
   1.6657291e+02   2.8269281e+02
   4.2283450e+02   3.1757231e+02
   3.9467707e+02   3.3117241e+02
   5.8638738e+02   2.2518418e+02
   5.5724263e+02   2.7515980e+02
   3.2400822e+02   4.0195849e+02
   5.0698517e+02   3.3280399e+02
   1.2487348e+02   2.2973899e+02
   4.1410010e+02   3.8360889e+02
