   2.5203252e+02   3.3192436e+02   9.6213211e+01   5.0756407e+02
   2.5388888e+02   4.0909913e+02   9.8538511e+01   5.6488561e+02
   4.4468070e+02   3.3493369e+02   2.3188186e+02   5.0314794e+02
   4.7244769e+02   4.1925002e+02   2.5665405e+02   5.7022025e+02
   5.0676039e+02   2.2397429e+02   2.1826240e+02   4.2714549e+02
   3.2328649e+02   3.8802515e+02   1.4887931e+02   5.2871655e+02
   5.3675482e+02   1.5054130e+02   2.9769366e+02   3.6667318e+02
   6.0433479e+02   2.3431019e+02   3.5085774e+02   4.2302193e+02
   3.7261577e+02   2.0016417e+02   1.6829266e+02   4.2105420e+02
   6.1836553e+01   3.3296009e+02   3.8544809e+01   4.8454070e+02
   4.1319128e+02   2.1644127e+02   1.8434498e+02   4.2466423e+02
   4.3163771e+02   3.1356611e+02   1.9817954e+02   4.6850775e+02
   5.6571352e+02   3.0622883e+02   2.5515423e+02   4.8176099e+02
   3.2781986e+02   3.0574053e+02   1.4956819e+02   4.7825851e+02
   5.8885896e+02   3.1697660e+02   3.4570916e+02   4.8511718e+02
   6.5075260e+02   3.3714280e+02   2.8444526e+02   4.7335892e+02
   1.9751489e+02   2.5378267e+02   8.4694263e+01   4.4802962e+02
