   2.5203252e+02   3.3192436e+02
   2.5388888e+02   4.0909913e+02
   4.4468070e+02   3.3493369e+02
   4.7244769e+02   4.1925002e+02
   5.0676039e+02   2.2397429e+02
   3.2328649e+02   3.8802515e+02
   5.3675482e+02   1.5054130e+02
   6.0433479e+02   2.3431019e+02
   3.7261577e+02   2.0016417e+02
   6.1836553e+01   3.3296009e+02
   4.1319128e+02   2.1644127e+02
   4.3163771e+02   3.1356611e+02
   5.6571352e+02   3.0622883e+02
   3.2781986e+02   3.0574053e+02
   5.8885896e+02   3.1697660e+02
   6.5075260e+02   3.3714280e+02
   1.9751489e+02   2.5378267e+02
