   9.6213211e+01   5.0756407e+02
   9.8538511e+01   5.6488561e+02
   2.3188186e+02   5.0314794e+02
   2.5665405e+02   5.7022025e+02
   2.1826240e+02   4.2714549e+02
   1.4887931e+02   5.2871655e+02
   2.9769366e+02   3.6667318e+02
   3.5085774e+02   4.2302193e+02
   1.6829266e+02   4.2105420e+02
   3.8544809e+01   4.8454070e+02
   1.8434498e+02   4.2466423e+02
   1.9817954e+02   4.6850775e+02
   2.5515423e+02   4.8176099e+02
   1.4956819e+02   4.7825851e+02
   3.4570916e+02   4.8511718e+02
   2.8444526e+02   4.7335892e+02
   8.4694263e+01   4.4802962e+02
