   2.0316731e+02   1.5112275e+02   5.4709175e+02   3.8127202e+02
   1.2782469e+02   1.5823331e+02   3.9509759e+02   3.9122820e+02
   6.9813307e+01   1.3786854e+02   2.8388331e+02   3.6287504e+02
   2.0624503e+01   1.6658115e+02   2.0643534e+02   4.1811543e+02
   5.8748767e+01   9.5204128e+01   2.4680543e+02   2.7876310e+02
   4.3064614e+01   1.1949673e+02   2.1682069e+02   3.2247486e+02
   4.3064614e+01   9.5463907e+01   2.1362841e+02   2.7993543e+02
   1.3187557e+02   7.0087986e+01   4.0920535e+02   2.4522262e+02
   2.0944272e+02   1.1368736e+02   5.5583583e+02   3.0663765e+02
   1.3630429e+02   2.2726857e+02   4.3153016e+02   5.1321826e+02
   1.2491420e+02   2.0891129e+02   4.1027982e+02   4.8579328e+02
   7.8217978e+00   1.8751465e+02   1.8726614e+02   4.6043976e+02
   1.7917644e+02   4.7977140e+01   4.9467464e+02   2.0189161e+02
   1.9699590e+02   4.7508206e+01   5.2949293e+02   2.0071927e+02
   6.1680539e+01   4.4060375e+01   2.5414009e+02   1.9510903e+02
