   5.7208388e+02   2.9916202e+02   4.5060149e+02   3.7176366e+02
   5.2651575e+02   2.8944998e+02   3.8017783e+02   3.7188089e+02
   6.6617034e+02   3.1813548e+02   5.3394122e+02   3.7012239e+02
   5.6094568e+02   1.8074706e+02   2.5400612e+02   2.9817470e+02
   4.7142164e+02   2.9352410e+02   2.1447602e+02   3.8653609e+02
   5.7662693e+02   3.1851623e+02   4.8769874e+02   3.7956019e+02
   7.0102078e+02   9.2385673e+01   4.3106123e+02   2.7565519e+02
   5.2561662e+02   2.3933881e+02   3.7957230e+02   3.4119275e+02
   5.7058890e+02   2.4004221e+02   4.5035735e+02   3.4060658e+02
   6.6360089e+02   2.4236751e+02   5.3442952e+02   3.3979563e+02
   7.0313098e+02   1.5686398e+02   4.4301903e+02   3.0191545e+02
