   3.6131192e+02   2.0172498e+02   3.0348271e+02   2.2855711e+02
   4.6153428e+02   2.3892874e+02   4.7388354e+02   2.8142275e+02
   4.5763653e+02   2.7571405e+02   4.6942003e+02   3.4421656e+02
   2.5912565e+02   2.9577166e+02   1.1765343e+02   3.8402850e+02
   2.5958490e+02   2.6284640e+02   1.1529908e+02   3.3053693e+02
   3.4610929e+02   1.8580823e+02   4.8954542e+02   1.8014529e+02
   3.5630859e+02   1.8557376e+02   5.0232385e+02   1.8014529e+02
   3.7030015e+02   2.5779465e+02   3.0553378e+02   3.1829417e+02
   3.9008560e+02   2.5196204e+02   3.3539161e+02   3.0586745e+02
   5.0454264e+02   2.4373530e+02   6.1767138e+02   2.7711417e+02
   5.5918718e+02   2.7067198e+02   6.8252594e+02   3.2839768e+02
   4.7689391e+02   2.3983859e+02   5.6350752e+02   2.7514264e+02
   3.5748195e+02   2.8126275e+02   2.8610106e+02   3.5667234e+02
   4.5664921e+02   2.5880133e+02   4.6557934e+02   3.1482663e+02
   2.8168493e+02   2.6554277e+02   1.4995379e+02   3.3467986e+02
   2.1576559e+02   2.4290499e+02   1.1486888e+02   2.9447541e+02
   2.9277368e+02   2.7999358e+02   1.7275722e+02   3.5589251e+02
   3.8235685e+02   2.6116537e+02   3.2711646e+02   3.2318028e+02
   4.1236097e+02   2.0384382e+02   6.0264511e+02   2.0048683e+02
   3.8335385e+02   2.7945583e+02   3.2903196e+02   3.5256918e+02
   3.6471169e+02   2.3361243e+02   3.0324825e+02   2.7545042e+02
   3.5888772e+02   2.1042722e+02   5.0736488e+02   2.2164588e+02
   3.4095102e+02   2.0890318e+02   4.8145633e+02   2.1836335e+02
   3.6139042e+02   2.6142888e+02   2.9064515e+02   3.2427307e+02
   4.9811314e+02   2.3995582e+02   6.0606321e+02   2.7279797e+02
   4.6958206e+02   2.6158206e+02   5.3725733e+02   3.1620809e+02
