   3.6131192e+02   2.0172498e+02
   4.6153428e+02   2.3892874e+02
   4.5763653e+02   2.7571405e+02
   2.5912565e+02   2.9577166e+02
   2.5958490e+02   2.6284640e+02
   3.4610929e+02   1.8580823e+02
   3.5630859e+02   1.8557376e+02
   3.7030015e+02   2.5779465e+02
   3.9008560e+02   2.5196204e+02
   5.0454264e+02   2.4373530e+02
   5.5918718e+02   2.7067198e+02
   4.7689391e+02   2.3983859e+02
   3.5748195e+02   2.8126275e+02
   4.5664921e+02   2.5880133e+02
   2.8168493e+02   2.6554277e+02
   2.1576559e+02   2.4290499e+02
   2.9277368e+02   2.7999358e+02
   3.8235685e+02   2.6116537e+02
   4.1236097e+02   2.0384382e+02
   3.8335385e+02   2.7945583e+02
   3.6471169e+02   2.3361243e+02
   3.5888772e+02   2.1042722e+02
   3.4095102e+02   2.0890318e+02
   3.6139042e+02   2.6142888e+02
   4.9811314e+02   2.3995582e+02
   4.6958206e+02   2.6158206e+02
