   4.2806158e+02   1.5541285e+02
   4.8475823e+02   1.7980809e+02
   2.9411270e+02   1.5900835e+02
   2.3539403e+02   1.5863728e+02
   2.0540929e+02   1.7814850e+02
   1.9705564e+02   1.9300911e+02
   5.1210470e+02   1.8575898e+02
   2.3842273e+02   3.1420758e+02
   2.3830550e+02   2.9113960e+02
   4.0455475e+02   2.5047694e+02
   3.7806003e+02   2.5059417e+02
   2.5409430e+02   1.8898341e+02
   4.5502731e+02   1.8339495e+02
   4.1095417e+02   1.8331644e+02
   3.2095151e+02   1.8579875e+02
   3.3235530e+02   2.6248315e+02
   4.9500697e+02   2.1538234e+02
   3.1736569e+02   3.2184815e+02
   3.1942748e+02   2.0373544e+02
