   4.5185122e+02   2.5040333e+02
   5.3489640e+02   2.6078184e+02
   2.9591759e+02   2.5383894e+02
   2.2211740e+02   2.3820137e+02
   1.5667961e+02   2.1324413e+02
   1.4249140e+02   2.3846197e+02
   6.0229131e+02   2.3304983e+02
   9.7852425e+01   3.4940492e+02
   9.8051049e+01   2.8825921e+02
   4.4883899e+02   3.2241888e+02
   4.0382141e+02   3.2218441e+02
   2.4629956e+02   2.8004318e+02
   4.8117520e+02   2.8126106e+02
   4.3115993e+02   2.8329957e+02
   3.2707176e+02   2.8526640e+02
   3.4138613e+02   3.4581999e+02
   5.5288162e+02   3.0049029e+02
   2.9901120e+02   3.5752314e+02
   3.2613389e+02   3.0789242e+02
