   2.9396640e+02   3.0456927e+02   4.0712420e+02   2.3501260e+02
   2.7898371e+02   2.8840941e+02   3.7154130e+02   2.3652695e+02
   5.2252458e+01   2.7853763e+01   1.1437090e+02   2.4535922e+02
   3.9341235e+01   8.9928615e+01   1.2333976e+02   2.6910052e+02
   3.3894352e+02   4.3829338e+02   4.9899291e+02   3.1140548e+02
   3.4432173e+02   3.8771327e+02   4.1411946e+02   2.6837775e+02
   3.9756915e+02   2.9723683e+02   4.1351393e+02   1.5974365e+02
   2.2899460e+02   3.6828539e+02   3.7081854e+02   3.2060881e+02
   1.1200685e+02   2.8178521e+02   2.1330369e+02   3.2070668e+02
   1.7087179e+02   1.6327342e+02   2.0575130e+02   2.4168522e+02
   2.2714792e+02   2.1015533e+02   2.6459688e+02   2.3130955e+02
   3.9222968e+02   3.8023938e+02   5.4362317e+02   2.1530565e+02
   3.5745773e+02   3.7839754e+02   4.5096288e+02   2.4864175e+02
   3.7257218e+02   3.5281924e+02   4.5072841e+02   2.1801170e+02
   3.5000218e+02   4.4981924e+02   5.4689602e+02   3.1277562e+02
   1.9923464e+02   3.1686528e+02   3.0040456e+02   3.0256353e+02
   1.6922569e+02   2.6608944e+02   2.4711840e+02   2.8954960e+02
   3.8757804e+02   3.3312405e+02   4.5823134e+02   1.8999295e+02
   3.3464462e+02   4.5450857e+02   5.1336729e+02   3.2836765e+02
   1.3245477e+02   2.9706829e+02   2.3459144e+02   3.2117585e+02
   1.3497303e+02   2.9131132e+01   1.4606741e+02   2.1185815e+02
