   4.0712420e+02   2.3501260e+02
   3.7154130e+02   2.3652695e+02
   1.1437090e+02   2.4535922e+02
   1.2333976e+02   2.6910052e+02
   4.9899291e+02   3.1140548e+02
   4.1411946e+02   2.6837775e+02
   4.1351393e+02   1.5974365e+02
   3.7081854e+02   3.2060881e+02
   2.1330369e+02   3.2070668e+02
   2.0575130e+02   2.4168522e+02
   2.6459688e+02   2.3130955e+02
   5.4362317e+02   2.1530565e+02
   4.5096288e+02   2.4864175e+02
   4.5072841e+02   2.1801170e+02
   5.4689602e+02   3.1277562e+02
   3.0040456e+02   3.0256353e+02
   2.4711840e+02   2.8954960e+02
   4.5823134e+02   1.8999295e+02
   5.1336729e+02   3.2836765e+02
   2.3459144e+02   3.2117585e+02
   1.4606741e+02   2.1185815e+02
