   3.6270904e+02   2.7020305e+02
   4.6032321e+02   2.7323175e+02
   3.1891877e+02   2.3638937e+02
   5.2708255e+02   2.6794553e+02
   5.2660394e+02   3.1739412e+02
   3.0919809e+02   3.2671364e+02
   6.6011294e+02   2.4632515e+02
   2.1040190e+02   1.9830377e+02
   3.5831227e+02   1.3494420e+02
   4.2084153e+02   1.1277638e+02
   4.7502683e+02   2.0915805e+02
   6.3987896e+02   2.1357522e+02
   4.8557886e+02   3.5793851e+02
   3.1844016e+02   3.6195349e+02
   3.9639683e+02   2.4842567e+02
   4.1471531e+02   1.5013922e+02
   6.2916128e+02   2.6893285e+02
   7.0986273e+02   3.1557544e+02
   1.1413643e+02   2.6851233e+02
   7.2613983e+02   2.9303553e+02
   5.5791491e+02   2.6689043e+02
