   1.7240552e+02   2.5297172e+02
   2.5151517e+02   2.5420319e+02
   3.1947589e+02   2.5182947e+02
   4.6775836e+02   2.7066530e+02
   4.6732816e+02   3.0581903e+02
   3.1375083e+02   3.1461153e+02
   5.6102418e+02   2.5373425e+02
   2.4562342e+02   2.2646524e+02
   1.7715399e+02   1.4227583e+02
   2.4458768e+02   1.2532438e+02
   4.3036751e+02   2.3008010e+02
   5.4676910e+02   2.3090074e+02
   4.4002041e+02   3.3485519e+02
   3.2237768e+02   3.3907559e+02
   2.0471557e+02   2.3613750e+02
   2.2454840e+02   1.5255466e+02
   5.3990075e+02   2.7039210e+02
   5.5140033e+02   2.9717178e+02
   1.6680738e+02   2.7411452e+02
   6.0264511e+02   2.8533986e+02
   4.8956375e+02   2.6925850e+02
