   1.1691128e+02   4.9290163e+01
   1.5630962e+02   6.4613834e+01
   1.3004936e+02   6.3089801e+01
   3.2269063e+02   1.3875991e+02
   2.5979514e+02   1.3598504e+02
   2.6095779e+02   1.6795791e+02
   3.2327679e+02   1.7158523e+02
   3.1501617e+02   2.3761904e+02
   2.6153428e+02   2.7224954e+02
   2.8433771e+02   2.7063733e+02
   2.2700648e+02   3.1131555e+02
   3.1652084e+02   3.3061166e+02
   2.9942311e+02   3.5976125e+02
   2.5419699e+02   4.1758562e+02
   1.4840554e+02   4.0887543e+02
   1.3637893e+02   3.1124673e+02
   1.3410204e+02   1.7307261e+02
   2.2363092e+02   2.3678388e+02
   2.2375300e+02   2.5108738e+02
   2.5151999e+02   2.5411124e+02
   3.2151830e+02   4.4304184e+02
   5.8549165e+01   4.7496146e+02
   2.8316537e+02   2.8857402e+02
   2.5854638e+02   2.8775339e+02
   1.4904012e+02   2.9108260e+02
   2.6031249e+02   2.4086388e+02
   1.7368552e+02   5.0121450e+02
