   3.5410156e+02   1.4775675e+02
   3.7429680e+02   1.5507466e+02
   3.6245624e+02   1.5437126e+02
   4.5643411e+02   1.8992511e+02
   4.2434885e+02   1.8986597e+02
   4.2458331e+02   2.0698204e+02
   4.5631688e+02   2.0868244e+02
   4.5049394e+02   2.4308435e+02
   4.2293236e+02   2.6027027e+02
   4.3454918e+02   2.6061228e+02
   4.0375348e+02   3.0373788e+02
   4.4911619e+02   2.8901386e+02
   4.3956116e+02   3.0285811e+02
   4.1820326e+02   3.3015618e+02
   3.7327075e+02   3.3026373e+02
   3.6494615e+02   2.8247785e+02
   3.6280690e+02   2.1225961e+02
   4.0605942e+02   2.4894602e+02
   4.0618633e+02   2.5717275e+02
   4.1975738e+02   2.5332238e+02
   4.5117798e+02   3.4121588e+02
   3.6597220e+02   3.5932997e+02
   4.3419748e+02   2.6811522e+02
   4.2177075e+02   2.6811522e+02
   3.7104228e+02   2.7462322e+02
   4.2397778e+02   2.4417818e+02
   3.8680129e+02   3.6702989e+02
