   1.9993320e+02   1.6453982e+02   1.8840457e+02   2.3859287e+02
   2.1595162e+02   1.3180822e+02   2.3571667e+02   1.3481548e+02
   1.7736908e+02   1.2598529e+02   1.4689119e+02   1.3957363e+02
   1.6991940e+02   2.0804997e+02   1.1768350e+02   3.1734874e+02
   2.2920486e+02   2.0584674e+02   2.6247214e+02   3.1874102e+02
   1.8015363e+02   2.4237719e+02   1.0178715e+02   4.2477178e+02
   1.9922012e+02   2.4153719e+02   1.5701302e+02   4.2477662e+02
   1.9944974e+02   2.1467901e+02   1.8876595e+02   3.3757304e+02
   1.7956262e+02   1.8552458e+02   1.4366191e+02   2.6634811e+02
   2.1827692e+02   1.8483570e+02   2.3593177e+02   2.6607975e+02
   1.5422847e+02   2.2120050e+02   4.1798292e+01   3.5340057e+02
   2.1537514e+02   2.3770722e+02   2.0793031e+02   4.2037985e+02
   2.2048015e+02   1.9737102e+02   2.4092439e+02   2.9386612e+02
   1.7793104e+02   1.9911984e+02   1.4004221e+02   2.9724168e+02
   1.7581600e+02   2.5539009e+02   8.8891490e+01   4.6463110e+02
   2.1272235e+02   2.4969511e+02   1.9781816e+02   4.5536690e+02
   2.2838804e+02   2.3747276e+02   2.4696899e+02   4.2073155e+02
   2.1898032e+02   2.1329642e+02   2.3514019e+02   3.3654215e+02
   1.7089220e+02   2.5128692e+02   7.5526895e+01   4.5466627e+02
