   1.9993320e+02   1.6453982e+02
   2.1595162e+02   1.3180822e+02
   1.7736908e+02   1.2598529e+02
   1.6991940e+02   2.0804997e+02
   2.2920486e+02   2.0584674e+02
   1.8015363e+02   2.4237719e+02
   1.9922012e+02   2.4153719e+02
   1.9944974e+02   2.1467901e+02
   1.7956262e+02   1.8552458e+02
   2.1827692e+02   1.8483570e+02
   1.5422847e+02   2.2120050e+02
   2.1537514e+02   2.3770722e+02
   2.2048015e+02   1.9737102e+02
   1.7793104e+02   1.9911984e+02
   1.7581600e+02   2.5539009e+02
   2.1272235e+02   2.4969511e+02
   2.2838804e+02   2.3747276e+02
   2.1898032e+02   2.1329642e+02
   1.7089220e+02   2.5128692e+02
