   1.8840457e+02   2.3859287e+02
   2.3571667e+02   1.3481548e+02
   1.4689119e+02   1.3957363e+02
   1.1768350e+02   3.1734874e+02
   2.6247214e+02   3.1874102e+02
   1.0178715e+02   4.2477178e+02
   1.5701302e+02   4.2477662e+02
   1.8876595e+02   3.3757304e+02
   1.4366191e+02   2.6634811e+02
   2.3593177e+02   2.6607975e+02
   4.1798292e+01   3.5340057e+02
   2.0793031e+02   4.2037985e+02
   2.4092439e+02   2.9386612e+02
   1.4004221e+02   2.9724168e+02
   8.8891490e+01   4.6463110e+02
   1.9781816e+02   4.5536690e+02
   2.4696899e+02   4.2073155e+02
   2.3514019e+02   3.3654215e+02
   7.5526895e+01   4.5466627e+02
