   3.2234863e+02   2.8393034e+02
   3.7385588e+02   3.1032719e+02
   5.7513195e+02   2.2815219e+02
   6.7580387e+02   2.6837600e+02
   6.9539255e+02   1.2968834e+02
   4.7420619e+02   2.9807997e+01
   2.8960838e+02   7.8668341e+01
   1.7575687e+02   9.2395356e+01
   9.0893117e+01   1.4562342e+02
   4.8099855e+01   3.8413229e+02
   1.5148751e+02   5.1569778e+02
   2.1581297e+02   4.1969582e+02
   1.9123478e+02   3.3511598e+02
   4.6687859e+02   3.5558443e+02
   5.2743425e+02   3.4545291e+02
   4.8837309e+02   1.8317991e+02
   1.6238156e+02   2.1690644e+02
   5.7283821e+01   2.6905036e+02
   6.0481341e+02   2.9309390e+02
   6.5954614e+02   4.5178108e+02
   7.7474634e+02   3.5004438e+02
   3.2862113e+02   3.7513438e+02
   4.0647538e+02   3.9475322e+02
   4.5164484e+02   1.7763122e+02
   7.5754106e+02   5.2442146e+02
   2.3457340e+02   5.1468141e+02
