   2.6071850e+02   2.3469016e+02
   2.8628711e+02   2.5046824e+02
   4.1119832e+02   2.0593688e+02
   4.8048837e+02   2.3250146e+02
   5.1078505e+02   1.4452082e+02
   3.6469232e+02   6.8508690e+01
   2.4925765e+02   9.8347154e+01
   1.7702707e+02   1.0729665e+02
   1.3333468e+02   1.3879575e+02
   1.1612940e+02   2.9053608e+02
   1.7017809e+02   3.7106221e+02
   2.1321447e+02   3.1316418e+02
   1.9517126e+02   2.6375640e+02
   3.0980363e+02   2.7819650e+02
   3.4025731e+02   2.7328239e+02
   3.6794580e+02   1.7507236e+02
   1.7145798e+02   1.8669886e+02
   1.1782980e+02   2.1979081e+02
   4.2894135e+02   2.4427424e+02
   4.6012748e+02   3.3897695e+02
   5.4641740e+02   2.8363868e+02
   2.6355146e+02   2.8784940e+02
   3.1168904e+02   3.2218146e+02
   3.4830664e+02   1.7178983e+02
   4.8317506e+02   3.8258012e+02
   2.1367475e+02   3.6770118e+02
