   6.3128116e+02   1.7318876e+02   4.3305420e+02   2.7331325e+02
   6.4628702e+02   1.6826496e+02   4.4630156e+02   2.6874115e+02
   2.6514432e+02   2.3702695e+02   1.8821369e+02   3.3470891e+02
   1.6691493e+02   2.2773544e+02   1.2358391e+02   3.3065416e+02
   7.1906607e+02   1.9470263e+02   5.0512881e+02   2.9470020e+02
   5.6313072e+02   2.8541442e+02   4.3562778e+02   3.7592087e+02
   5.3897257e+02   2.0436521e+02   3.4573822e+02   2.9807091e+02
   1.6578133e+02   2.9193501e+02   1.1202623e+02   3.8691092e+02
   2.6235977e+02   2.9424095e+02   1.8633796e+02   3.8619784e+02
   6.7023477e+02   2.6678692e+02   4.8656514e+02   3.5714127e+02
   6.6445818e+02   1.6767880e+02   4.6107295e+02   2.6991348e+02
