   3.2597317e+02   3.1232280e+02   1.9189736e+02   3.1676742e+02
   4.1665986e+02   3.0972430e+02   2.4352289e+02   3.1294229e+02
   4.2083185e+02   3.7868202e+02   2.4317119e+02   3.7234498e+02
   3.2646147e+02   3.7881862e+02   1.9131603e+02   3.7268700e+02
   3.1473814e+02   3.9241768e+02   1.7959270e+02   3.8358970e+02
   4.2892095e+02   3.9028812e+02   2.4364012e+02   3.8148918e+02
   3.3679841e+02   2.7589022e+02   2.0270322e+02   2.8642613e+02
   4.0806207e+02   2.7359397e+02   2.4409937e+02   2.8131628e+02
   3.7331917e+02   1.5447561e+02   2.2830573e+02   1.8253945e+02
   3.7469692e+02   1.1334402e+02   2.3609742e+02   1.4351322e+02
   3.7004632e+02   2.4591515e+02   2.2596591e+02   2.5957279e+02
   3.8083178e+02   2.4403942e+02   2.3264820e+02   2.5769706e+02
   4.7016113e+02   4.7320836e+02   2.4280496e+02   4.4955365e+02
   5.7059858e+02   5.0782434e+02   1.0307672e+02   4.6559144e+02
   7.1674077e+02   5.4993357e+02   8.0967005e+01   4.8965055e+02
   7.2213350e+02   5.6798750e+02   8.0615305e+01   5.0196004e+02
   3.7911305e+02   4.8449284e+02   7.0864539e+01   4.4757521e+02
   2.9529471e+02   4.9676464e+02   1.5160054e+01   4.5245543e+02
   3.7625000e+02   3.3835066e+02   2.2016718e+02   3.3737246e+02
   4.0033228e+02   4.6866635e+02   1.7700769e+02   4.4418513e+02
   4.3886745e+02   4.0845167e+02   3.1640360e+02   3.9920316e+02
   4.0698760e+02   2.1930112e+02   2.6711306e+02   2.3284152e+02
   3.3851817e+02   1.5869705e+02   2.1176996e+02   1.8667270e+02
   3.3011611e+02   2.8972375e+02   1.9695879e+02   2.9897009e+02
   3.9020076e+02   1.5705475e+02   2.4366329e+02   1.8066372e+02
   3.7223502e+02   1.2647415e+02   2.3351829e+02   1.5394698e+02
   3.4717614e+02   3.3928853e+02   2.0281665e+02   3.4006883e+02
