   1.9189736e+02   3.1676742e+02
   2.4352289e+02   3.1294229e+02
   2.4317119e+02   3.7234498e+02
   1.9131603e+02   3.7268700e+02
   1.7959270e+02   3.8358970e+02
   2.4364012e+02   3.8148918e+02
   2.0270322e+02   2.8642613e+02
   2.4409937e+02   2.8131628e+02
   2.2830573e+02   1.8253945e+02
   2.3609742e+02   1.4351322e+02
   2.2596591e+02   2.5957279e+02
   2.3264820e+02   2.5769706e+02
   2.4280496e+02   4.4955365e+02
   1.0307672e+02   4.6559144e+02
   8.0967005e+01   4.8965055e+02
   8.0615305e+01   5.0196004e+02
   7.0864539e+01   4.4757521e+02
   1.5160054e+01   4.5245543e+02
   2.2016718e+02   3.3737246e+02
   1.7700769e+02   4.4418513e+02
   3.1640360e+02   3.9920316e+02
   2.6711306e+02   2.3284152e+02
   2.1176996e+02   1.8667270e+02
   1.9695879e+02   2.9897009e+02
   2.4366329e+02   1.8066372e+02
   2.3351829e+02   1.5394698e+02
   2.0281665e+02   3.4006883e+02
