   2.3602862e+02   9.4818523e+01   2.7819698e+02   7.2741622e+01
   6.6907212e+02   1.1563867e+02   5.6233312e+02   6.6361572e+01
   4.4710023e+02   1.2182239e+02   4.1806155e+02   8.7539859e+01
   7.6092146e+02   2.9003615e+02   6.2754906e+02   1.8018403e+02
   1.5975298e+02   2.7838060e+02   2.1599037e+02   1.8413123e+02
   4.5978650e+02   3.4976911e+02   4.1748050e+02   2.3156540e+02
   4.7143133e+02   2.3457097e+02   4.1793975e+02   1.5007236e+02
   3.9829297e+02   3.0842241e+02   3.6457509e+02   1.9841536e+02
   2.3042078e+02   1.8842636e+02   2.6633601e+02   1.2800138e+02
   6.9254990e+02   1.7842176e+02   5.7568906e+02   1.0116257e+02
   6.9699508e+02   3.9434231e+02   5.7719373e+02   2.5899038e+02
   2.2365134e+02   3.5981762e+02   2.5193569e+02   2.3401001e+02
   4.6237428e+02   4.1895369e+02   4.1802793e+02   2.7515025e+02
   4.3177431e+02   7.0959993e+01   4.1980580e+02   6.2385323e+01
   4.4149810e+02   3.4988634e+02   4.0294357e+02   2.3320667e+02
   4.7045473e+02   3.5281717e+02   4.2510066e+02   2.3402730e+02
   4.7119686e+02   2.1018645e+02   4.1817421e+02   1.3471480e+02
   2.3065525e+02   1.5571827e+02   2.6446028e+02   1.0666492e+02
   2.0638796e+02   1.7048967e+02   2.5097845e+02   1.1534019e+02
   2.5503978e+02   1.7048967e+02   2.7618361e+02   1.1498849e+02
