   2.3602862e+02   9.4818523e+01
   6.6907212e+02   1.1563867e+02
   4.4710023e+02   1.2182239e+02
   7.6092146e+02   2.9003615e+02
   1.5975298e+02   2.7838060e+02
   4.5978650e+02   3.4976911e+02
   4.7143133e+02   2.3457097e+02
   3.9829297e+02   3.0842241e+02
   2.3042078e+02   1.8842636e+02
   6.9254990e+02   1.7842176e+02
   6.9699508e+02   3.9434231e+02
   2.2365134e+02   3.5981762e+02
   4.6237428e+02   4.1895369e+02
   4.3177431e+02   7.0959993e+01
   4.4149810e+02   3.4988634e+02
   4.7045473e+02   3.5281717e+02
   4.7119686e+02   2.1018645e+02
   2.3065525e+02   1.5571827e+02
   2.0638796e+02   1.7048967e+02
   2.5503978e+02   1.7048967e+02
