   2.7819698e+02   7.2741622e+01
   5.6233312e+02   6.6361572e+01
   4.1806155e+02   8.7539859e+01
   6.2754906e+02   1.8018403e+02
   2.1599037e+02   1.8413123e+02
   4.1748050e+02   2.3156540e+02
   4.1793975e+02   1.5007236e+02
   3.6457509e+02   1.9841536e+02
   2.6633601e+02   1.2800138e+02
   5.7568906e+02   1.0116257e+02
   5.7719373e+02   2.5899038e+02
   2.5193569e+02   2.3401001e+02
   4.1802793e+02   2.7515025e+02
   4.1980580e+02   6.2385323e+01
   4.0294357e+02   2.3320667e+02
   4.2510066e+02   2.3402730e+02
   4.1817421e+02   1.3471480e+02
   2.6446028e+02   1.0666492e+02
   2.5097845e+02   1.1534019e+02
   2.7618361e+02   1.1498849e+02
