   9.7819613e+01   1.6405262e+02   3.6466327e+02   3.0719476e+02
   5.9112087e+01   1.6172829e+02   2.8371766e+02   3.0202578e+02
   9.6781943e+01   1.2894156e+02   3.6262085e+02   2.4922792e+02
   1.2130901e+02   4.9384359e+01   3.4564036e+02   9.9597784e+01
   1.3724216e+02   9.6503633e+01   3.8667512e+02   1.9094914e+02
   1.6270419e+02   7.7319910e+01   4.5746016e+02   1.5130181e+02
   1.6304718e+02   9.6726480e+01   4.4364496e+02   1.9594176e+02
   1.2675217e+02   1.2106872e+01   3.4910894e+02   1.2994894e+01
   7.8392273e+00   1.4785808e+01   1.6481441e+02   5.9227690e+01
   3.3072603e+01   1.9824034e+02   2.1077297e+02   3.6841405e+02
   8.6042316e-01   2.1695222e+02   1.5947009e+02   3.9499904e+02
   5.5627042e+01   8.4413043e+01   2.7157278e+02   1.7409556e+02
